0.000000 2.649918 0.170536 0.061942 0.268395 0.018100 0.037107 4.539349 0.790186 0.150721 1.621247 0.002753 0.172905 0.091377 
2.649918 0.000000 1.056067 0.237183 0.965922 0.225168 0.150632 0.918494 0.239228 2.250154 0.327644 0.043797 0.257040 1.253289 
0.170536 1.056067 0.000000 4.083239 0.403546 0.084906 0.066036 0.164217 0.051540 0.523978 0.001197 0.060809 0.148165 3.760300 
0.061942 0.237183 4.083239 0.000000 3.087053 0.822681 0.114586 0.187395 0.000265 0.374685 0.081147 0.680853 0.111846 0.731661 
0.268395 0.965922 0.403546 3.087053 0.000000 1.734036 0.520625 0.282069 0.120851 1.048345 0.363498 0.380133 0.774948 0.625114 
0.018100 0.225168 0.084906 0.822681 1.734036 0.000000 2.111847 0.017038 0.023159 0.052132 0.001444 5.094552 0.109310 0.280162 
0.037107 0.150632 0.066036 0.114586 0.520625 2.111847 0.000000 0.041205 0.070071 0.469691 0.040341 1.757586 4.987528 0.207281 
4.539349 0.918494 0.164217 0.187395 0.282069 0.017038 0.041205 0.000000 0.111583 0.411557 1.774650 0.014533 2.033651 0.078794 
0.790186 0.239228 0.051540 0.000265 0.120851 0.023159 0.070071 0.111583 0.000000 3.591099 5.231331 0.024781 0.207633 0.112807 
0.150721 2.250154 0.523978 0.374685 1.048345 0.052132 0.469691 0.411557 3.591099 0.000000 0.697573 0.135867 0.575058 0.293677 
1.621247 0.327644 0.001197 0.081147 0.363498 0.001444 0.040341 1.774650 5.231331 0.697573 0.000000 0.085910 0.348470 0.000083 
0.002753 0.043797 0.060809 0.680853 0.380133 5.094552 1.757586 0.014533 0.024781 0.135867 0.085910 0.000000 0.000477 2.292485 
0.172905 0.257040 0.148165 0.111846 0.774948 0.109310 4.987528 2.033651 0.207633 0.575058 0.348470 0.000477 0.000000 0.847506 
0.091377 1.253289 3.760300 0.731661 0.625114 0.280162 0.207281 0.078794 0.112807 0.293677 0.000083 2.292485 0.847506 0.000000 
