0.000000 2.685330 0.111852 0.071489 0.114587 0.002262 0.042625 4.674883 0.800194 0.218022 1.573633 0.000344 0.200669 0.078507 
2.685330 0.000000 0.940475 0.225567 0.741582 0.115007 0.196724 0.914616 0.140538 2.407870 0.409402 0.074902 0.309271 1.413114 
0.111852 0.940475 0.000000 3.890905 0.525409 0.204588 0.153750 0.154166 0.088349 0.511681 0.025524 0.036665 0.164790 3.766244 
0.071489 0.225567 3.890905 0.000000 3.390508 0.642218 0.123003 0.105155 0.085391 0.464800 0.149941 0.752651 0.091333 0.581437 
0.114587 0.741582 0.525409 3.390508 0.000000 1.787603 0.548309 0.446540 0.129000 1.009532 0.363804 0.251710 0.651866 0.613949 
0.002262 0.115007 0.204588 0.642218 1.787603 0.000000 2.158998 0.067051 0.032819 0.036860 0.026570 5.013856 0.133400 0.353167 
0.042625 0.196724 0.153750 0.123003 0.548309 2.158998 0.000000 0.018443 0.038178 0.284775 0.103531 1.824316 4.986736 0.095010 
4.674883 0.914616 0.154166 0.105155 0.446540 0.067051 0.018443 0.000000 0.148033 0.349958 1.448635 0.026035 2.148439 0.072443 
0.800194 0.140538 0.088349 0.085391 0.129000 0.032819 0.038178 0.148033 0.000000 3.538120 5.265153 0.016231 0.210257 0.082136 
0.218022 2.407870 0.511681 0.464800 1.009532 0.036860 0.284775 0.349958 3.538120 0.000000 0.661794 0.072927 0.641974 0.376085 
1.573633 0.409402 0.025524 0.149941 0.363804 0.026570 0.103531 1.448635 5.265153 0.661794 0.000000 0.057964 0.399546 0.088900 
0.000344 0.074902 0.036665 0.752651 0.251710 5.013856 1.824316 0.026035 0.016231 0.072927 0.057964 0.000000 0.014753 2.432043 
0.200669 0.309271 0.164790 0.091333 0.651866 0.133400 4.986736 2.148439 0.210257 0.641974 0.399546 0.014753 0.000000 0.621363 
0.078507 1.413114 3.766244 0.581437 0.613949 0.353167 0.095010 0.072443 0.082136 0.376085 0.088900 2.432043 0.621363 0.000000 
