0.000000 2.643407 0.054424 0.084163 0.222192 0.003108 0.016251 4.677220 1.394448 0.150336 1.217305 0.031334 0.097370 0.016488 
2.643407 0.000000 0.875767 0.301586 0.972639 0.085337 0.103666 0.909858 0.123030 2.632610 0.363453 0.108859 0.103736 1.384098 
0.054424 0.875767 0.000000 4.457850 0.508610 0.005724 0.054156 0.096594 0.010173 0.375583 0.102141 0.047291 0.055217 3.964517 
0.084163 0.301586 4.457850 0.000000 3.210034 1.063833 0.128674 0.107727 0.087480 0.158091 0.110708 0.469245 0.144256 0.284398 
0.222192 0.972639 0.508610 3.210034 0.000000 1.164105 0.573943 0.292567 0.117927 1.212652 0.559930 0.474522 0.622089 0.676838 
0.003108 0.085337 0.005724 1.063833 1.164105 0.000000 2.604406 0.060328 0.002195 0.107928 0.015557 4.927855 0.283059 0.284612 
0.016251 0.103666 0.054156 0.128674 0.573943 2.604406 0.000000 0.043503 0.122586 0.203037 0.074323 1.382159 5.149186 0.152156 
4.677220 0.909858 0.096594 0.107727 0.292567 0.060328 0.043503 0.000000 0.089190 0.270210 1.700036 0.018446 2.186931 0.155436 
1.394448 0.123030 0.010173 0.087480 0.117927 0.002195 0.122586 0.089190 0.000000 3.093001 5.218300 0.000032 0.291807 0.057879 
0.150336 2.632610 0.375583 0.158091 1.212652 0.107928 0.203037 0.270210 3.093001 0.000000 1.018625 0.157841 0.993755 0.234377 
1.217305 0.363453 0.102141 0.110708 0.559930 0.015557 0.074323 1.700036 5.218300 1.018625 0.000000 0.028249 0.176692 0.022729 
0.031334 0.108859 0.047291 0.469245 0.474522 4.927855 1.382159 0.018446 0.000032 0.157841 0.028249 0.000000 0.045822 2.916391 
0.097370 0.103736 0.055217 0.144256 0.622089 0.283059 5.149186 2.186931 0.291807 0.993755 0.176692 0.045822 0.000000 0.458126 
0.016488 1.384098 3.964517 0.284398 0.676838 0.284612 0.152156 0.155436 0.057879 0.234377 0.022729 2.916391 0.458126 0.000000 
