0.031250 1.821572 0.133058 0.095345 0.349413 0.074650 0.086300 4.127702 1.216996 0.588307 1.111650 0.061129 0.118145 0.142430 
1.821572 0.031250 1.122668 0.377873 0.732781 0.162207 0.372777 1.137451 0.344746 1.959381 0.476679 0.191114 0.553628 0.673819 
0.133058 1.122668 0.031250 2.924238 0.663362 0.182414 0.115569 0.209739 0.094613 0.641552 0.171194 0.383923 0.434004 2.850362 
0.095345 0.377873 2.924238 0.031250 2.408157 0.853018 0.368881 0.218391 0.193689 0.291864 0.075701 0.469339 0.306671 1.343528 
0.349413 0.732781 0.663362 2.408157 0.031250 1.220970 0.618045 0.332901 0.166320 1.430905 0.270837 0.432825 0.763714 0.536468 
0.074650 0.162207 0.182414 0.853018 1.220970 0.031250 1.316786 0.090614 0.071139 0.266068 0.064109 4.535611 0.341407 0.747705 
0.086300 0.372777 0.115569 0.368881 0.618045 1.316786 0.031250 0.191329 0.140795 0.456773 0.131624 1.445639 4.220884 0.461295 
4.127702 1.137451 0.209739 0.218391 0.332901 0.090614 0.191329 0.031250 0.503415 0.545786 1.324926 0.140814 0.917633 0.185996 
1.216996 0.344746 0.094613 0.193689 0.166320 0.071139 0.140795 0.503415 0.031250 1.879764 4.737074 0.083471 0.380866 0.113809 
0.588307 1.959381 0.641552 0.291864 1.430905 0.266068 0.456773 0.545786 1.879764 0.031250 0.833840 0.226482 0.399587 0.406387 
1.111650 0.476679 0.171194 0.075701 0.270837 0.064109 0.131624 1.324926 4.737074 0.833840 0.031250 0.088569 0.448554 0.191940 
0.061129 0.191114 0.383923 0.469339 0.432825 4.535611 1.445639 0.140814 0.083471 0.226482 0.088569 0.031250 0.318214 1.549567 
0.118145 0.553628 0.434004 0.306671 0.763714 0.341407 4.220884 0.917633 0.380866 0.399587 0.448554 0.318214 0.031250 0.723391 
0.142430 0.673819 2.850362 1.343528 0.536468 0.747705 0.461295 0.185996 0.113809 0.406387 0.191940 1.549567 0.723391 0.031250 
